0.4333333333
0.7541666667
0.7083333333
0.61875
0.6895833333
0.46875
0.35
0.425
0.3208333333
0.3729166667
0.3666666667
0.4166666667
0.4416666667
0.3583333333
0.2979166667
0.4854166667
0.4375
0.3645833333
0.21875
0.3229166667
0.33125
0.29375
0.1541666667
0.2916666667
0.3666666667
0.4520833333
0.3104166667
0.3645833333
0.3916666667
0.1666666667
0.1708333333
0.2583333333
0.3416666667
0.3395833333
0.30625
0.1458333333
0.2354166667
0.2375
0.1854166667
0.1916666667
0.2604166667
0.3125
0.2229166667
0.4708333333
0.225
0.2458333333
0.1645833333
0.1875
0.1833333333
0.1458333333
0.2125
0.275
0.2208333333
0.0791666667
0.1625
0.2104166667
0.3020833333
0.14375
0.1270833333
0.3125
0.1166666667
0.1770833333
0.2958333333
0.0958333333
0.1833333333
0.2083333333
0.18125
0.30625
0.1381944444
0.1756944444
0.1666666667
0.1916666667
0.2006944444
0.1166666667
0.075
0.0916666667
0.1375
0.1194444444
0.1645833333
0.0958333333
0.2761284722

